0    5    10   15   20   25   30   35   40   45   50   55   60   65   70   75   80   85   90   95   100
1				|				|
2				|				|
3				|				|
4				|				|
5				|				|
6				|				|
7				|	-----			|
8				|	-...-			|
9				|	-...-			|
10				|	-----			|
11				|				|
12				|				|
13------------------------------|-------------------------------|---------------------------------------
14				|				|
15				|				|
16				|				|
17				|				|
18				|				|
19				|				|
20				|				|
21				|				|
22				|				|
23				|				|
24				|				|
25  Level: 1    Gold: 0    Hp: 20(25)    Attack: 1    Exp: 20
